256
125
105
105
105
110
110
105
101
90
106
116
466
115
105
111
131
116
100
90
131
106
436
95
95
120
96
111
121
125
90
80
115
120
100
110
125
998
120
120
95
100
110
80
100
111
106
95
110
140
91
116
90
90
80
156
110
70
70
70
70
70
75
70
70
75
70
75
70
70
75
75
70
70
75
75
70
71
76
71
75
70
70
70
70
70
70
71
70
70
75
70
71
75
70
75
71
71
71
70
75
70
70
70
70
70
70
70
70
70
70
70
70
76
71
71
70
70
75
70
71
71
70
75
75
75
75
70
70
70
70
75
71
75
75
75
75
70
75
70
70
70
70
71
71
71
70
75
75
70
70
70
70
75
70
70
70
70
70
70
70
70
70
70
70
76
71
71
70
75
70
70
70
70
70
70
70
70
70
70
70
71
76
70
70
70
70
75
70
70
70
70
75
70
70
75
70
70
70
70
70
70
70
71
71
70
70
70
70
70
261
70
70
70
71
76
71
75
70
70
70
70
70
70
70
70
70
70
70
70
70
70
70
265
71
76
71
70
70
70
70
75
70
70
75
70
70
70
70
70
70
70
70
76
71
70
70
70
70
70
70
70
70
70
70
70
70
75
70
70
70
75
70
75
70
70
70
70
71
76
71
70
70
70
70
75
70
70
75
70
70
75
70
70
71
71
70
75
70
70
70
70
75
70
70
70
70
70
70
70
76
71
71
71
75
70
70
70
70
75
70
70
70
70
70
70
71
71
75
75
70
75
75
75
70
70
70
70
70
70
71
71
70
70
70
70
70
70
75
75
75
70
70
70
71
71
70
70
70
75
75
70
70
70
75
70
70
70
70
75
71
71
75
75
70
70
75
70
70
70
70
75
70
70
70
70
70
71
71
71
70
70
70
75
70
75
70
70
70
70
70
70
70
76
71
75
70
70
70
70
70
70
70
70
70
75
70
70
75
71
71
71
75
70
70
70
70
75
70
70
75
70
70
70
70
70
70
71
71
70
70
70
70
70
75
75
75
70
70
70
70
70
71
71
70
75
75
70
70
70
75
70
70
70
70
75
70
70
76
76
71
70
75
70
70
70
70
75
70
70
70
70
70
70
70
71
71
71
70
75
70
75
70
70
70
70
70
70
70
70
